[[ 85.82739948  46.57015647 211.76164769 ... 111.38834337 206.42257174
   61.36001498]
 [130.13064143 142.05176543  30.46309998 ... 253.17547649  44.67334888
  100.7384196 ]
 [ 65.3792875   88.54459104 187.19068502 ...  58.19930084 225.30833374
   49.21974071]
 ...
 [154.17477574  66.15963054 109.27672435 ...  44.41855421  56.9319314
   53.71301996]
 [ 48.55344802 112.80816174 187.68428161 ...  71.27144549  35.26139099
   28.9625483 ]
 [117.57480615 130.98096398  35.22821433 ...  44.10703374  52.31615647
   40.16271897]]